0	0
1	0
2	0
3	0
4	0
5	0
6	0
7	0
8	0
9	0
10	0
11	0
12	0
13	0
14	0
15	0
16	0
17	0
18	0
19	0
20	1
21	1
22	1
23	1
24	1
25	1
26	1
27	1
28	1
29	1
30	1
31	1
32	1
33	1
34	1
35	1
36	1
37	1
38	1
39	1
40	2
41	2
42	2
43	2
44	2
45	2
46	2
47	2
48	2
49	2
50	2
51	2
52	2
53	2
54	2
55	2
56	2
57	2
58	2
59	2
60	3
61	3
62	3
63	3
64	3
65	3
66	3
67	3
68	3
69	3
70	3
71	3
72	3
73	3
74	3
75	3
76	3
77	3
78	3
79	3
80	4
81	4
82	4
83	4
84	4
85	4
86	4
87	4
88	4
89	4
90	4
91	4
92	4
93	4
94	4
95	4
96	4
97	4
98	4
99	4
100	5
101	5
102	5
103	5
104	5
105	5
106	5
107	5
108	5
109	5
110	5
111	5
112	5
113	5
114	5
115	5
116	5
117	5
118	5
119	5
120	6
121	6
122	6
123	6
124	6
125	6
126	6
127	6
128	6
129	6
130	6
131	6
132	6
133	6
134	6
135	6
136	6
137	6
138	6
139	6
140	7
141	7
142	7
143	7
144	7
145	7
146	7
147	7
148	7
149	7
150	7
151	7
152	7
153	7
154	7
155	7
156	7
157	7
158	7
159	7
160	8
161	8
162	8
163	8
164	8
165	8
166	8
167	8
168	8
169	8
170	8
171	8
172	8
173	8
174	8
175	8
176	8
177	8
178	8
179	8
180	9
181	9
182	9
183	9
184	9
185	9
186	9
187	9
188	9
189	9
190	9
191	9
192	9
193	9
194	9
195	9
196	9
197	9
198	9
199	9
200	10
201	10
202	10
203	10
204	10
205	10
206	10
207	10
208	10
209	10
210	10
211	10
212	10
213	10
214	10
215	10
216	10
217	10
218	10
219	10
220	11
221	11
222	11
223	11
224	11
225	11
226	11
227	11
228	11
229	11
230	11
231	11
232	11
233	11
234	11
235	11
236	11
237	11
238	11
239	11
240	12
241	12
242	12
243	12
244	12
245	12
246	12
247	12
248	12
249	12
250	12
251	12
252	12
253	12
254	12
255	12
256	12
257	12
258	12
259	12
260	13
261	13
262	13
263	13
264	13
265	13
266	13
267	13
268	13
269	13
270	13
271	13
272	13
273	13
274	13
275	13
276	13
277	13
278	13
279	13
280	14
281	14
282	14
283	14
284	14
285	14
286	14
287	14
288	14
289	14
290	14
291	14
292	14
293	14
294	14
295	14
296	14
297	14
298	14
299	14
300	15
301	15
302	15
303	15
304	15
305	15
306	15
307	15
308	15
309	15
310	15
311	15
312	15
313	15
314	15
315	15
316	15
317	15
318	15
319	15
320	16
321	16
322	16
323	16
324	16
325	16
326	16
327	16
328	16
329	16
330	16
331	16
332	16
333	16
334	16
335	16
336	16
337	16
338	16
339	16
340	17
341	17
342	17
343	17
344	17
345	17
346	17
347	17
348	17
349	17
350	17
351	17
352	17
353	17
354	17
355	17
356	17
357	17
358	17
359	17
360	18
361	18
362	18
363	18
364	18
365	18
366	18
367	18
368	18
369	18
370	18
371	18
372	18
373	18
374	18
375	18
376	18
377	18
378	18
379	18
380	19
381	19
382	19
383	19
384	19
385	19
386	19
387	19
388	19
389	19
390	19
391	19
392	19
393	19
394	19
395	19
396	19
397	19
398	19
399	19
400	20
401	20
402	20
403	20
404	20
405	20
406	20
407	20
408	20
409	20
410	20
411	20
412	20
413	20
414	20
415	20
416	20
417	20
418	20
419	20
420	21
421	21
422	21
423	21
424	21
425	21
426	21
427	21
428	21
429	21
430	21
431	21
432	21
433	21
434	21
435	21
436	21
437	21
438	21
439	21
440	22
441	22
442	22
443	22
444	22
445	22
446	22
447	22
448	22
449	22
450	22
451	22
452	22
453	22
454	22
455	22
456	22
457	22
458	22
459	22
460	23
461	23
462	23
463	23
464	23
465	23
466	23
467	23
468	23
469	23
470	23
471	23
472	23
473	23
474	23
475	23
476	23
477	23
478	23
479	23
480	24
481	24
482	24
483	24
484	24
485	24
486	24
487	24
488	24
489	24
490	24
491	24
492	24
493	24
494	24
495	24
496	24
497	24
498	24
499	24
500	25
501	25
502	25
503	25
504	25
505	25
506	25
507	25
508	25
509	25
510	25
511	25
512	25
513	25
514	25
515	25
516	25
517	25
518	25
519	25
520	26
521	26
522	26
523	26
524	26
525	26
526	26
527	26
528	26
529	26
530	26
531	26
532	26
533	26
534	26
535	26
536	26
537	26
538	26
539	26
540	27
541	27
542	27
543	27
544	27
545	27
546	27
547	27
548	27
549	27
550	27
551	27
552	27
553	27
554	27
555	27
556	27
557	27
558	27
559	27
560	28
561	28
562	28
563	28
564	28
565	28
566	28
567	28
568	28
569	28
570	28
571	28
572	28
573	28
574	28
575	28
576	28
577	28
578	28
579	28
580	29
581	29
582	29
583	29
584	29
585	29
586	29
587	29
588	29
589	29
590	29
591	29
592	29
593	29
594	29
595	29
596	29
597	29
598	29
599	29
600	30
601	30
602	30
603	30
604	30
605	30
606	30
607	30
608	30
609	30
610	30
611	30
612	30
613	30
614	30
615	30
616	30
617	30
618	30
619	30
620	31
621	31
622	31
623	31
624	31
625	31
626	31
627	31
628	31
629	31
630	31
631	31
632	31
633	31
634	31
635	31
636	31
637	31
638	31
639	31
640	32
641	32
642	32
643	32
644	32
645	32
646	32
647	32
648	32
649	32
650	32
651	32
652	32
653	32
654	32
655	32
656	32
657	32
658	32
659	32
660	33
661	33
662	33
663	33
664	33
665	33
666	33
667	33
668	33
669	33
670	33
671	33
672	33
673	33
674	33
675	33
676	33
677	33
678	33
679	33
680	34
681	34
682	34
683	34
684	34
685	34
686	34
687	34
688	34
689	34
690	34
691	34
692	34
693	34
694	34
695	34
696	34
697	34
698	34
699	34
700	35
701	35
702	35
703	35
704	35
705	35
706	35
707	35
708	35
709	35
710	35
711	35
712	35
713	35
714	35
715	35
716	35
717	35
718	35
719	35
720	36
721	36
722	36
723	36
724	36
725	36
726	36
727	36
728	36
729	36
730	36
731	36
732	36
733	36
734	36
735	36
736	36
737	36
738	36
739	36
740	37
741	37
742	37
743	37
744	37
745	37
746	37
747	37
748	37
749	37
750	37
751	37
752	37
753	37
754	37
755	37
756	37
757	37
758	37
759	37
760	38
761	38
762	38
763	38
764	38
765	38
766	38
767	38
768	38
769	38
770	38
771	38
772	38
773	38
774	38
775	38
776	38
777	38
778	38
779	38
780	39
781	39
782	39
783	39
784	39
785	39
786	39
787	39
788	39
789	39
790	39
791	39
792	39
793	39
794	39
795	39
796	39
797	39
798	39
799	39
800	40
801	40
802	40
803	40
804	40
805	40
806	40
807	40
808	40
809	40
810	40
811	40
812	40
813	40
814	40
815	40
816	40
817	40
818	40
819	40
820	41
821	41
822	41
823	41
824	41
825	41
826	41
827	41
828	41
829	41
830	41
831	41
832	41
833	41
834	41
835	41
836	41
837	41
838	41
839	41
840	42
841	42
842	42
843	42
844	42
845	42
846	42
847	42
848	42
849	42
850	42
851	42
852	42
853	42
854	42
855	42
856	42
857	42
858	42
859	42
860	43
861	43
862	43
863	43
864	43
865	43
866	43
867	43
868	43
869	43
870	43
871	43
872	43
873	43
874	43
875	43
876	43
877	43
878	43
879	43
880	44
881	44
882	44
883	44
884	44
885	44
886	44
887	44
888	44
889	44
890	44
891	44
892	44
893	44
894	44
895	44
896	44
897	44
898	44
899	44
900	45
901	45
902	45
903	45
904	45
905	45
906	45
907	45
908	45
909	45
910	45
911	45
912	45
913	45
914	45
915	45
916	45
917	45
918	45
919	45
920	46
921	46
922	46
923	46
924	46
925	46
926	46
927	46
928	46
929	46
930	46
931	46
932	46
933	46
934	46
935	46
936	46
937	46
938	46
939	46
940	47
941	47
942	47
943	47
944	47
945	47
946	47
947	47
948	47
949	47
950	47
951	47
952	47
953	47
954	47
955	47
956	47
957	47
958	47
959	47
960	48
961	48
962	48
963	48
964	48
965	48
966	48
967	48
968	48
969	48
970	48
971	48
972	48
973	48
974	48
975	48
976	48
977	48
978	48
979	48
980	49
981	49
982	49
983	49
984	49
985	49
986	49
987	49
988	49
989	49
990	49
991	49
992	49
993	49
994	49
995	49
996	49
997	49
998	49
999	49
1000	0
1001	0
1002	0
1003	0
1004	0
1005	0
1006	0
1007	0
1008	0
1009	0
1010	0
1011	0
1012	0
1013	0
1014	0
1015	0
1016	0
1017	0
1018	0
1019	0
1020	1
1021	1
1022	1
1023	1
1024	1
1025	1
1026	1
1027	1
1028	1
1029	1
1030	1
1031	1
1032	1
1033	1
1034	1
1035	1
1036	1
1037	1
1038	1
1039	1
1040	2
1041	2
1042	2
1043	2
1044	2
1045	2
1046	2
1047	2
1048	2
1049	2
1050	2
1051	2
1052	2
1053	2
1054	2
1055	2
1056	2
1057	2
1058	2
1059	2
1060	3
1061	3
1062	3
1063	3
1064	3
1065	3
1066	3
1067	3
1068	3
1069	3
1070	3
1071	3
1072	3
1073	3
1074	3
1075	3
1076	3
1077	3
1078	3
1079	3
1080	4
1081	4
1082	4
1083	4
1084	4
1085	4
1086	4
1087	4
1088	4
1089	4
1090	4
1091	4
1092	4
1093	4
1094	4
1095	4
1096	4
1097	4
1098	4
1099	4
1100	5
1101	5
1102	5
1103	5
1104	5
1105	5
1106	5
1107	5
1108	5
1109	5
1110	5
1111	5
1112	5
1113	5
1114	5
1115	5
1116	5
1117	5
1118	5
1119	5
1120	6
1121	6
1122	6
1123	6
1124	6
1125	6
1126	6
1127	6
1128	6
1129	6
1130	6
1131	6
1132	6
1133	6
1134	6
1135	6
1136	6
1137	6
1138	6
1139	6
1140	7
1141	7
1142	7
1143	7
1144	7
1145	7
1146	7
1147	7
1148	7
1149	7
1150	7
1151	7
1152	7
1153	7
1154	7
1155	7
1156	7
1157	7
1158	7
1159	7
1160	8
1161	8
1162	8
1163	8
1164	8
1165	8
1166	8
1167	8
1168	8
1169	8
1170	8
1171	8
1172	8
1173	8
1174	8
1175	8
1176	8
1177	8
1178	8
1179	8
1180	9
1181	9
1182	9
1183	9
1184	9
1185	9
1186	9
1187	9
1188	9
1189	9
1190	9
1191	9
1192	9
1193	9
1194	9
1195	9
1196	9
1197	9
1198	9
1199	9
1200	10
1201	10
1202	10
1203	10
1204	10
1205	10
1206	10
1207	10
1208	10
1209	10
1210	10
1211	10
1212	10
1213	10
1214	10
1215	10
1216	10
1217	10
1218	10
1219	10
1220	11
1221	11
1222	11
1223	11
1224	11
1225	11
1226	11
1227	11
1228	11
1229	11
1230	11
1231	11
1232	11
1233	11
1234	11
1235	11
1236	11
1237	11
1238	11
1239	11
1240	12
1241	12
1242	12
1243	12
1244	12
1245	12
1246	12
1247	12
1248	12
1249	12
1250	12
1251	12
1252	12
1253	12
1254	12
1255	12
1256	12
1257	12
1258	12
1259	12
1260	13
1261	13
1262	13
1263	13
1264	13
1265	13
1266	13
1267	13
1268	13
1269	13
1270	13
1271	13
1272	13
1273	13
1274	13
1275	13
1276	13
1277	13
1278	13
1279	13
1280	14
1281	14
1282	14
1283	14
1284	14
1285	14
1286	14
1287	14
1288	14
1289	14
1290	14
1291	14
1292	14
1293	14
1294	14
1295	14
1296	14
1297	14
1298	14
1299	14
1300	15
1301	15
1302	15
1303	15
1304	15
1305	15
1306	15
1307	15
1308	15
1309	15
1310	15
1311	15
1312	15
1313	15
1314	15
1315	15
1316	15
1317	15
1318	15
1319	15
1320	16
1321	16
1322	16
1323	16
1324	16
1325	16
1326	16
1327	16
1328	16
1329	16
1330	16
1331	16
1332	16
1333	16
1334	16
1335	16
1336	16
1337	16
1338	16
1339	16
1340	17
1341	17
1342	17
1343	17
1344	17
1345	17
1346	17
1347	17
1348	17
1349	17
1350	17
1351	17
1352	17
1353	17
1354	17
1355	17
1356	17
1357	17
1358	17
1359	17
1360	18
1361	18
1362	18
1363	18
1364	18
1365	18
1366	18
1367	18
1368	18
1369	18
1370	18
1371	18
1372	18
1373	18
1374	18
1375	18
1376	18
1377	18
1378	18
1379	18
1380	19
1381	19
1382	19
1383	19
1384	19
1385	19
1386	19
1387	19
1388	19
1389	19
1390	19
1391	19
1392	19
1393	19
1394	19
1395	19
1396	19
1397	19
1398	19
1399	19
1400	20
1401	20
1402	20
1403	20
1404	20
1405	20
1406	20
1407	20
1408	20
1409	20
1410	20
1411	20
1412	20
1413	20
1414	20
1415	20
1416	20
1417	20
1418	20
1419	20
1420	21
1421	21
1422	21
1423	21
1424	21
1425	21
1426	21
1427	21
1428	21
1429	21
1430	21
1431	21
1432	21
1433	21
1434	21
1435	21
1436	21
1437	21
1438	21
1439	21
1440	22
1441	22
1442	22
1443	22
1444	22
1445	22
1446	22
1447	22
1448	22
1449	22
1450	22
1451	22
1452	22
1453	22
1454	22
1455	22
1456	22
1457	22
1458	22
1459	22
1460	23
1461	23
1462	23
1463	23
1464	23
1465	23
1466	23
1467	23
1468	23
1469	23
1470	23
1471	23
1472	23
1473	23
1474	23
1475	23
1476	23
1477	23
1478	23
1479	23
1480	24
1481	24
1482	24
1483	24
1484	24
1485	24
1486	24
1487	24
1488	24
1489	24
1490	24
1491	24
1492	24
1493	24
1494	24
1495	24
1496	24
1497	24
1498	24
1499	24
1500	25
1501	25
1502	25
1503	25
1504	25
1505	25
1506	25
1507	25
1508	25
1509	25
1510	25
1511	25
1512	25
1513	25
1514	25
1515	25
1516	25
1517	25
1518	25
1519	25
1520	26
1521	26
1522	26
1523	26
1524	26
1525	26
1526	26
1527	26
1528	26
1529	26
1530	26
1531	26
1532	26
1533	26
1534	26
1535	26
1536	26
1537	26
1538	26
1539	26
1540	27
1541	27
1542	27
1543	27
1544	27
1545	27
1546	27
1547	27
1548	27
1549	27
1550	27
1551	27
1552	27
1553	27
1554	27
1555	27
1556	27
1557	27
1558	27
1559	27
1560	28
1561	28
1562	28
1563	28
1564	28
1565	28
1566	28
1567	28
1568	28
1569	28
1570	28
1571	28
1572	28
1573	28
1574	28
1575	28
1576	28
1577	28
1578	28
1579	28
1580	29
1581	29
1582	29
1583	29
1584	29
1585	29
1586	29
1587	29
1588	29
1589	29
1590	29
1591	29
1592	29
1593	29
1594	29
1595	29
1596	29
1597	29
1598	29
1599	29
1600	30
1601	30
1602	30
1603	30
1604	30
1605	30
1606	30
1607	30
1608	30
1609	30
1610	30
1611	30
1612	30
1613	30
1614	30
1615	30
1616	30
1617	30
1618	30
1619	30
1620	31
1621	31
1622	31
1623	31
1624	31
1625	31
1626	31
1627	31
1628	31
1629	31
1630	31
1631	31
1632	31
1633	31
1634	31
1635	31
1636	31
1637	31
1638	31
1639	31
1640	32
1641	32
1642	32
1643	32
1644	32
1645	32
1646	32
1647	32
1648	32
1649	32
1650	32
1651	32
1652	32
1653	32
1654	32
1655	32
1656	32
1657	32
1658	32
1659	32
1660	33
1661	33
1662	33
1663	33
1664	33
1665	33
1666	33
1667	33
1668	33
1669	33
1670	33
1671	33
1672	33
1673	33
1674	33
1675	33
1676	33
1677	33
1678	33
1679	33
1680	34
1681	34
1682	34
1683	34
1684	34
1685	34
1686	34
1687	34
1688	34
1689	34
1690	34
1691	34
1692	34
1693	34
1694	34
1695	34
1696	34
1697	34
1698	34
1699	34
1700	35
1701	35
1702	35
1703	35
1704	35
1705	35
1706	35
1707	35
1708	35
1709	35
1710	35
1711	35
1712	35
1713	35
1714	35
1715	35
1716	35
1717	35
1718	35
1719	35
1720	36
1721	36
1722	36
1723	36
1724	36
1725	36
1726	36
1727	36
1728	36
1729	36
1730	36
1731	36
1732	36
1733	36
1734	36
1735	36
1736	36
1737	36
1738	36
1739	36
1740	37
1741	37
1742	37
1743	37
1744	37
1745	37
1746	37
1747	37
1748	37
1749	37
1750	37
1751	37
1752	37
1753	37
1754	37
1755	37
1756	37
1757	37
1758	37
1759	37
1760	38
1761	38
1762	38
1763	38
1764	38
1765	38
1766	38
1767	38
1768	38
1769	38
1770	38
1771	38
1772	38
1773	38
1774	38
1775	38
1776	38
1777	38
1778	38
1779	38
1780	39
1781	39
1782	39
1783	39
1784	39
1785	39
1786	39
1787	39
1788	39
1789	39
1790	39
1791	39
1792	39
1793	39
1794	39
1795	39
1796	39
1797	39
1798	39
1799	39
1800	40
1801	40
1802	40
1803	40
1804	40
1805	40
1806	40
1807	40
1808	40
1809	40
1810	40
1811	40
1812	40
1813	40
1814	40
1815	40
1816	40
1817	40
1818	40
1819	40
1820	41
1821	41
1822	41
1823	41
1824	41
1825	41
1826	41
1827	41
1828	41
1829	41
1830	41
1831	41
1832	41
1833	41
1834	41
1835	41
1836	41
1837	41
1838	41
1839	41
1840	42
1841	42
1842	42
1843	42
1844	42
1845	42
1846	42
1847	42
1848	42
1849	42
1850	42
1851	42
1852	42
1853	42
1854	42
1855	42
1856	42
1857	42
1858	42
1859	42
1860	43
1861	43
1862	43
1863	43
1864	43
1865	43
1866	43
1867	43
1868	43
1869	43
1870	43
1871	43
1872	43
1873	43
1874	43
1875	43
1876	43
1877	43
1878	43
1879	43
1880	44
1881	44
1882	44
1883	44
1884	44
1885	44
1886	44
1887	44
1888	44
1889	44
1890	44
1891	44
1892	44
1893	44
1894	44
1895	44
1896	44
1897	44
1898	44
1899	44
1900	45
1901	45
1902	45
1903	45
1904	45
1905	45
1906	45
1907	45
1908	45
1909	45
1910	45
1911	45
1912	45
1913	45
1914	45
1915	45
1916	45
1917	45
1918	45
1919	45
1920	46
1921	46
1922	46
1923	46
1924	46
1925	46
1926	46
1927	46
1928	46
1929	46
1930	46
1931	46
1932	46
1933	46
1934	46
1935	46
1936	46
1937	46
1938	46
1939	46
1940	47
1941	47
1942	47
1943	47
1944	47
1945	47
1946	47
1947	47
1948	47
1949	47
1950	47
1951	47
1952	47
1953	47
1954	47
1955	47
1956	47
1957	47
1958	47
1959	47
1960	48
1961	48
1962	48
1963	48
1964	48
1965	48
1966	48
1967	48
1968	48
1969	48
1970	48
1971	48
1972	48
1973	48
1974	48
1975	48
1976	48
1977	48
1978	48
1979	48
1980	49
1981	49
1982	49
1983	49
1984	49
1985	49
1986	49
1987	49
1988	49
1989	49
1990	49
1991	49
1992	49
1993	49
1994	49
1995	49
1996	49
1997	49
1998	49
1999	49
2000	0
2001	0
2002	0
2003	0
2004	0
2005	0
2006	0
2007	0
2008	0
2009	0
2010	0
2011	0
2012	0
2013	0
2014	0
2015	0
2016	0
2017	0
2018	0
2019	0
2020	1
2021	1
2022	1
2023	1
2024	1
2025	1
2026	1
2027	1
2028	1
2029	1
2030	1
2031	1
2032	1
2033	1
2034	1
2035	1
2036	1
2037	1
2038	1
2039	1
2040	2
2041	2
2042	2
2043	2
2044	2
2045	2
2046	2
2047	2
2048	2
2049	2
2050	2
2051	2
2052	2
2053	2
2054	2
2055	2
2056	2
2057	2
2058	2
2059	2
2060	3
2061	3
2062	3
2063	3
2064	3
2065	3
2066	3
2067	3
2068	3
2069	3
2070	3
2071	3
2072	3
2073	3
2074	3
2075	3
2076	3
2077	3
2078	3
2079	3
2080	4
2081	4
2082	4
2083	4
2084	4
2085	4
2086	4
2087	4
2088	4
2089	4
2090	4
2091	4
2092	4
2093	4
2094	4
2095	4
2096	4
2097	4
2098	4
2099	4
2100	5
2101	5
2102	5
2103	5
2104	5
2105	5
2106	5
2107	5
2108	5
2109	5
2110	5
2111	5
2112	5
2113	5
2114	5
2115	5
2116	5
2117	5
2118	5
2119	5
2120	6
2121	6
2122	6
2123	6
2124	6
2125	6
2126	6
2127	6
2128	6
2129	6
2130	6
2131	6
2132	6
2133	6
2134	6
2135	6
2136	6
2137	6
2138	6
2139	6
2140	7
2141	7
2142	7
2143	7
2144	7
2145	7
2146	7
2147	7
2148	7
2149	7
2150	7
2151	7
2152	7
2153	7
2154	7
2155	7
2156	7
2157	7
2158	7
2159	7
2160	8
2161	8
2162	8
2163	8
2164	8
2165	8
2166	8
2167	8
2168	8
2169	8
2170	8
2171	8
2172	8
2173	8
2174	8
2175	8
2176	8
2177	8
2178	8
2179	8
2180	9
2181	9
2182	9
2183	9
2184	9
2185	9
2186	9
2187	9
2188	9
2189	9
2190	9
2191	9
2192	9
2193	9
2194	9
2195	9
2196	9
2197	9
2198	9
2199	9
2200	10
2201	10
2202	10
2203	10
2204	10
2205	10
2206	10
2207	10
2208	10
2209	10
2210	10
2211	10
2212	10
2213	10
2214	10
2215	10
2216	10
2217	10
2218	10
2219	10
2220	11
2221	11
2222	11
2223	11
2224	11
2225	11
2226	11
2227	11
2228	11
2229	11
2230	11
2231	11
2232	11
2233	11
2234	11
2235	11
2236	11
2237	11
2238	11
2239	11
2240	12
2241	12
2242	12
2243	12
2244	12
2245	12
2246	12
2247	12
2248	12
2249	12
2250	12
2251	12
2252	12
2253	12
2254	12
2255	12
2256	12
2257	12
2258	12
2259	12
2260	13
2261	13
2262	13
2263	13
2264	13
2265	13
2266	13
2267	13
2268	13
2269	13
2270	13
2271	13
2272	13
2273	13
2274	13
2275	13
2276	13
2277	13
2278	13
2279	13
2280	14
2281	14
2282	14
2283	14
2284	14
2285	14
2286	14
2287	14
2288	14
2289	14
2290	14
2291	14
2292	14
2293	14
2294	14
2295	14
2296	14
2297	14
2298	14
2299	14
2300	15
2301	15
2302	15
2303	15
2304	15
2305	15
2306	15
2307	15
2308	15
2309	15
2310	15
2311	15
2312	15
2313	15
2314	15
2315	15
2316	15
2317	15
2318	15
2319	15
2320	16
2321	16
2322	16
2323	16
2324	16
2325	16
2326	16
2327	16
2328	16
2329	16
2330	16
2331	16
2332	16
2333	16
2334	16
2335	16
2336	16
2337	16
2338	16
2339	16
2340	17
2341	17
2342	17
2343	17
2344	17
2345	17
2346	17
2347	17
2348	17
2349	17
2350	17
2351	17
2352	17
2353	17
2354	17
2355	17
2356	17
2357	17
2358	17
2359	17
2360	18
2361	18
2362	18
2363	18
2364	18
2365	18
2366	18
2367	18
2368	18
2369	18
2370	18
2371	18
2372	18
2373	18
2374	18
2375	18
2376	18
2377	18
2378	18
2379	18
2380	19
2381	19
2382	19
2383	19
2384	19
2385	19
2386	19
2387	19
2388	19
2389	19
2390	19
2391	19
2392	19
2393	19
2394	19
2395	19
2396	19
2397	19
2398	19
2399	19
2400	20
2401	20
2402	20
2403	20
2404	20
2405	20
2406	20
2407	20
2408	20
2409	20
2410	20
2411	20
2412	20
2413	20
2414	20
2415	20
2416	20
2417	20
2418	20
2419	20
2420	21
2421	21
2422	21
2423	21
2424	21
2425	21
2426	21
2427	21
2428	21
2429	21
2430	21
2431	21
2432	21
2433	21
2434	21
2435	21
2436	21
2437	21
2438	21
2439	21
2440	22
2441	22
2442	22
2443	22
2444	22
2445	22
2446	22
2447	22
2448	22
2449	22
2450	22
2451	22
2452	22
2453	22
2454	22
2455	22
2456	22
2457	22
2458	22
2459	22
2460	23
2461	23
2462	23
2463	23
2464	23
2465	23
2466	23
2467	23
2468	23
2469	23
2470	23
2471	23
2472	23
2473	23
2474	23
2475	23
2476	23
2477	23
2478	23
2479	23
2480	24
2481	24
2482	24
2483	24
2484	24
2485	24
2486	24
2487	24
2488	24
2489	24
2490	24
2491	24
2492	24
2493	24
2494	24
2495	24
2496	24
2497	24
2498	24
2499	24
2500	25
2501	25
2502	25
2503	25
2504	25
2505	25
2506	25
2507	25
2508	25
2509	25
2510	25
2511	25
2512	25
2513	25
2514	25
2515	25
2516	25
2517	25
2518	25
2519	25
2520	26
2521	26
2522	26
2523	26
2524	26
2525	26
2526	26
2527	26
2528	26
2529	26
2530	26
2531	26
2532	26
2533	26
2534	26
2535	26
2536	26
2537	26
2538	26
2539	26
2540	27
2541	27
2542	27
2543	27
2544	27
2545	27
2546	27
2547	27
2548	27
2549	27
2550	27
2551	27
2552	27
2553	27
2554	27
2555	27
2556	27
2557	27
2558	27
2559	27
2560	28
2561	28
2562	28
2563	28
2564	28
2565	28
2566	28
2567	28
2568	28
2569	28
2570	28
2571	28
2572	28
2573	28
2574	28
2575	28
2576	28
2577	28
2578	28
2579	28
2580	29
2581	29
2582	29
2583	29
2584	29
2585	29
2586	29
2587	29
2588	29
2589	29
2590	29
2591	29
2592	29
2593	29
2594	29
2595	29
2596	29
2597	29
2598	29
2599	29
2600	30
2601	30
2602	30
2603	30
2604	30
2605	30
2606	30
2607	30
2608	30
2609	30
2610	30
2611	30
2612	30
2613	30
2614	30
2615	30
2616	30
2617	30
2618	30
2619	30
2620	31
2621	31
2622	31
2623	31
2624	31
2625	31
2626	31
2627	31
2628	31
2629	31
2630	31
2631	31
2632	31
2633	31
2634	31
2635	31
2636	31
2637	31
2638	31
2639	31
2640	32
2641	32
2642	32
2643	32
2644	32
2645	32
2646	32
2647	32
2648	32
2649	32
2650	32
2651	32
2652	32
2653	32
2654	32
2655	32
2656	32
2657	32
2658	32
2659	32
2660	33
2661	33
2662	33
2663	33
2664	33
2665	33
2666	33
2667	33
2668	33
2669	33
2670	33
2671	33
2672	33
2673	33
2674	33
2675	33
2676	33
2677	33
2678	33
2679	33
2680	34
2681	34
2682	34
2683	34
2684	34
2685	34
2686	34
2687	34
2688	34
2689	34
2690	34
2691	34
2692	34
2693	34
2694	34
2695	34
2696	34
2697	34
2698	34
2699	34
2700	35
2701	35
2702	35
2703	35
2704	35
2705	35
2706	35
2707	35
2708	35
2709	35
2710	35
2711	35
2712	35
2713	35
2714	35
2715	35
2716	35
2717	35
2718	35
2719	35
2720	36
2721	36
2722	36
2723	36
2724	36
2725	36
2726	36
2727	36
2728	36
2729	36
2730	36
2731	36
2732	36
2733	36
2734	36
2735	36
2736	36
2737	36
2738	36
2739	36
2740	37
2741	37
2742	37
2743	37
2744	37
2745	37
2746	37
2747	37
2748	37
2749	37
2750	37
2751	37
2752	37
2753	37
2754	37
2755	37
2756	37
2757	37
2758	37
2759	37
2760	38
2761	38
2762	38
2763	38
2764	38
2765	38
2766	38
2767	38
2768	38
2769	38
2770	38
2771	38
2772	38
2773	38
2774	38
2775	38
2776	38
2777	38
2778	38
2779	38
2780	39
2781	39
2782	39
2783	39
2784	39
2785	39
2786	39
2787	39
2788	39
2789	39
2790	39
2791	39
2792	39
2793	39
2794	39
2795	39
2796	39
2797	39
2798	39
2799	39
2800	40
2801	40
2802	40
2803	40
2804	40
2805	40
2806	40
2807	40
2808	40
2809	40
2810	40
2811	40
2812	40
2813	40
2814	40
2815	40
2816	40
2817	40
2818	40
2819	40
2820	41
2821	41
2822	41
2823	41
2824	41
2825	41
2826	41
2827	41
2828	41
2829	41
2830	41
2831	41
2832	41
2833	41
2834	41
2835	41
2836	41
2837	41
2838	41
2839	41
2840	42
2841	42
2842	42
2843	42
2844	42
2845	42
2846	42
2847	42
2848	42
2849	42
2850	42
2851	42
2852	42
2853	42
2854	42
2855	42
2856	42
2857	42
2858	42
2859	42
2860	43
2861	43
2862	43
2863	43
2864	43
2865	43
2866	43
2867	43
2868	43
2869	43
2870	43
2871	43
2872	43
2873	43
2874	43
2875	43
2876	43
2877	43
2878	43
2879	43
2880	44
2881	44
2882	44
2883	44
2884	44
2885	44
2886	44
2887	44
2888	44
2889	44
2890	44
2891	44
2892	44
2893	44
2894	44
2895	44
2896	44
2897	44
2898	44
2899	44
2900	45
2901	45
2902	45
2903	45
2904	45
2905	45
2906	45
2907	45
2908	45
2909	45
2910	45
2911	45
2912	45
2913	45
2914	45
2915	45
2916	45
2917	45
2918	45
2919	45
2920	46
2921	46
2922	46
2923	46
2924	46
2925	46
2926	46
2927	46
2928	46
2929	46
2930	46
2931	46
2932	46
2933	46
2934	46
2935	46
2936	46
2937	46
2938	46
2939	46
2940	47
2941	47
2942	47
2943	47
2944	47
2945	47
2946	47
2947	47
2948	47
2949	47
2950	47
2951	47
2952	47
2953	47
2954	47
2955	47
2956	47
2957	47
2958	47
2959	47
2960	48
2961	48
2962	48
2963	48
2964	48
2965	48
2966	48
2967	48
2968	48
2969	48
2970	48
2971	48
2972	48
2973	48
2974	48
2975	48
2976	48
2977	48
2978	48
2979	48
2980	49
2981	49
2982	49
2983	49
2984	49
2985	49
2986	49
2987	49
2988	49
2989	49
2990	49
2991	49
2992	49
2993	49
2994	49
2995	49
2996	49
2997	49
2998	49
2999	49
3000	0
3001	0
3002	0
3003	0
3004	0
3005	0
3006	0
3007	0
3008	0
3009	0
3010	0
3011	0
3012	0
3013	0
3014	0
3015	0
3016	0
3017	0
3018	0
3019	0
3020	1
3021	1
3022	1
3023	1
3024	1
3025	1
3026	1
3027	1
3028	1
3029	1
3030	1
3031	1
3032	1
3033	1
3034	1
3035	1
3036	1
3037	1
3038	1
3039	1
3040	2
3041	2
3042	2
3043	2
3044	2
3045	2
3046	2
3047	2
3048	2
3049	2
3050	2
3051	2
3052	2
3053	2
3054	2
3055	2
3056	2
3057	2
3058	2
3059	2
3060	3
3061	3
3062	3
3063	3
3064	3
3065	3
3066	3
3067	3
3068	3
3069	3
3070	3
3071	3
3072	3
3073	3
3074	3
3075	3
3076	3
3077	3
3078	3
3079	3
3080	4
3081	4
3082	4
3083	4
3084	4
3085	4
3086	4
3087	4
3088	4
3089	4
3090	4
3091	4
3092	4
3093	4
3094	4
3095	4
3096	4
3097	4
3098	4
3099	4
3100	5
3101	5
3102	5
3103	5
3104	5
3105	5
3106	5
3107	5
3108	5
3109	5
3110	5
3111	5
3112	5
3113	5
3114	5
3115	5
3116	5
3117	5
3118	5
3119	5
3120	6
3121	6
3122	6
3123	6
3124	6
3125	6
3126	6
3127	6
3128	6
3129	6
3130	6
3131	6
3132	6
3133	6
3134	6
3135	6
3136	6
3137	6
3138	6
3139	6
3140	7
3141	7
3142	7
3143	7
3144	7
3145	7
3146	7
3147	7
3148	7
3149	7
3150	7
3151	7
3152	7
3153	7
3154	7
3155	7
3156	7
3157	7
3158	7
3159	7
3160	8
3161	8
3162	8
3163	8
3164	8
3165	8
3166	8
3167	8
3168	8
3169	8
3170	8
3171	8
3172	8
3173	8
3174	8
3175	8
3176	8
3177	8
3178	8
3179	8
3180	9
3181	9
3182	9
3183	9
3184	9
3185	9
3186	9
3187	9
3188	9
3189	9
3190	9
3191	9
3192	9
3193	9
3194	9
3195	9
3196	9
3197	9
3198	9
3199	9
3200	10
3201	10
3202	10
3203	10
3204	10
3205	10
3206	10
3207	10
3208	10
3209	10
3210	10
3211	10
3212	10
3213	10
3214	10
3215	10
3216	10
3217	10
3218	10
3219	10
3220	11
3221	11
3222	11
3223	11
3224	11
3225	11
3226	11
3227	11
3228	11
3229	11
3230	11
3231	11
3232	11
3233	11
3234	11
3235	11
3236	11
3237	11
3238	11
3239	11
3240	12
3241	12
3242	12
3243	12
3244	12
3245	12
3246	12
3247	12
3248	12
3249	12
3250	12
3251	12
3252	12
3253	12
3254	12
3255	12
3256	12
3257	12
3258	12
3259	12
3260	13
3261	13
3262	13
3263	13
3264	13
3265	13
3266	13
3267	13
3268	13
3269	13
3270	13
3271	13
3272	13
3273	13
3274	13
3275	13
3276	13
3277	13
3278	13
3279	13
3280	14
3281	14
3282	14
3283	14
3284	14
3285	14
3286	14
3287	14
3288	14
3289	14
3290	14
3291	14
3292	14
3293	14
3294	14
3295	14
3296	14
3297	14
3298	14
3299	14
3300	15
3301	15
3302	15
3303	15
3304	15
3305	15
3306	15
3307	15
3308	15
3309	15
3310	15
3311	15
3312	15
3313	15
3314	15
3315	15
3316	15
3317	15
3318	15
3319	15
3320	16
3321	16
3322	16
3323	16
3324	16
3325	16
3326	16
3327	16
3328	16
3329	16
3330	16
3331	16
3332	16
3333	16
3334	16
3335	16
3336	16
3337	16
3338	16
3339	16
3340	17
3341	17
3342	17
3343	17
3344	17
3345	17
3346	17
3347	17
3348	17
3349	17
3350	17
3351	17
3352	17
3353	17
3354	17
3355	17
3356	17
3357	17
3358	17
3359	17
3360	18
3361	18
3362	18
3363	18
3364	18
3365	18
3366	18
3367	18
3368	18
3369	18
3370	18
3371	18
3372	18
3373	18
3374	18
3375	18
3376	18
3377	18
3378	18
3379	18
3380	19
3381	19
3382	19
3383	19
3384	19
3385	19
3386	19
3387	19
3388	19
3389	19
3390	19
3391	19
3392	19
3393	19
3394	19
3395	19
3396	19
3397	19
3398	19
3399	19
3400	20
3401	20
3402	20
3403	20
3404	20
3405	20
3406	20
3407	20
3408	20
3409	20
3410	20
3411	20
3412	20
3413	20
3414	20
3415	20
3416	20
3417	20
3418	20
3419	20
3420	21
3421	21
3422	21
3423	21
3424	21
3425	21
3426	21
3427	21
3428	21
3429	21
3430	21
3431	21
3432	21
3433	21
3434	21
3435	21
3436	21
3437	21
3438	21
3439	21
3440	22
3441	22
3442	22
3443	22
3444	22
3445	22
3446	22
3447	22
3448	22
3449	22
3450	22
3451	22
3452	22
3453	22
3454	22
3455	22
3456	22
3457	22
3458	22
3459	22
3460	23
3461	23
3462	23
3463	23
3464	23
3465	23
3466	23
3467	23
3468	23
3469	23
3470	23
3471	23
3472	23
3473	23
3474	23
3475	23
3476	23
3477	23
3478	23
3479	23
3480	24
3481	24
3482	24
3483	24
3484	24
3485	24
3486	24
3487	24
3488	24
3489	24
3490	24
3491	24
3492	24
3493	24
3494	24
3495	24
3496	24
3497	24
3498	24
3499	24
3500	25
3501	25
3502	25
3503	25
3504	25
3505	25
3506	25
3507	25
3508	25
3509	25
3510	25
3511	25
3512	25
3513	25
3514	25
3515	25
3516	25
3517	25
3518	25
3519	25
3520	26
3521	26
3522	26
3523	26
3524	26
3525	26
3526	26
3527	26
3528	26
3529	26
3530	26
3531	26
3532	26
3533	26
3534	26
3535	26
3536	26
3537	26
3538	26
3539	26
3540	27
3541	27
3542	27
3543	27
3544	27
3545	27
3546	27
3547	27
3548	27
3549	27
3550	27
3551	27
3552	27
3553	27
3554	27
3555	27
3556	27
3557	27
3558	27
3559	27
3560	28
3561	28
3562	28
3563	28
3564	28
3565	28
3566	28
3567	28
3568	28
3569	28
3570	28
3571	28
3572	28
3573	28
3574	28
3575	28
3576	28
3577	28
3578	28
3579	28
3580	29
3581	29
3582	29
3583	29
3584	29
3585	29
3586	29
3587	29
3588	29
3589	29
3590	29
3591	29
3592	29
3593	29
3594	29
3595	29
3596	29
3597	29
3598	29
3599	29
3600	30
3601	30
3602	30
3603	30
3604	30
3605	30
3606	30
3607	30
3608	30
3609	30
3610	30
3611	30
3612	30
3613	30
3614	30
3615	30
3616	30
3617	30
3618	30
3619	30
3620	31
3621	31
3622	31
3623	31
3624	31
3625	31
3626	31
3627	31
3628	31
3629	31
3630	31
3631	31
3632	31
3633	31
3634	31
3635	31
3636	31
3637	31
3638	31
3639	31
3640	32
3641	32
3642	32
3643	32
3644	32
3645	32
3646	32
3647	32
3648	32
3649	32
3650	32
3651	32
3652	32
3653	32
3654	32
3655	32
3656	32
3657	32
3658	32
3659	32
3660	33
3661	33
3662	33
3663	33
3664	33
3665	33
3666	33
3667	33
3668	33
3669	33
3670	33
3671	33
3672	33
3673	33
3674	33
3675	33
3676	33
3677	33
3678	33
3679	33
3680	34
3681	34
3682	34
3683	34
3684	34
3685	34
3686	34
3687	34
3688	34
3689	34
3690	34
3691	34
3692	34
3693	34
3694	34
3695	34
3696	34
3697	34
3698	34
3699	34
3700	35
3701	35
3702	35
3703	35
3704	35
3705	35
3706	35
3707	35
3708	35
3709	35
3710	35
3711	35
3712	35
3713	35
3714	35
3715	35
3716	35
3717	35
3718	35
3719	35
3720	36
3721	36
3722	36
3723	36
3724	36
3725	36
3726	36
3727	36
3728	36
3729	36
3730	36
3731	36
3732	36
3733	36
3734	36
3735	36
3736	36
3737	36
3738	36
3739	36
3740	37
3741	37
3742	37
3743	37
3744	37
3745	37
3746	37
3747	37
3748	37
3749	37
3750	37
3751	37
3752	37
3753	37
3754	37
3755	37
3756	37
3757	37
3758	37
3759	37
3760	38
3761	38
3762	38
3763	38
3764	38
3765	38
3766	38
3767	38
3768	38
3769	38
3770	38
3771	38
3772	38
3773	38
3774	38
3775	38
3776	38
3777	38
3778	38
3779	38
3780	39
3781	39
3782	39
3783	39
3784	39
3785	39
3786	39
3787	39
3788	39
3789	39
3790	39
3791	39
3792	39
3793	39
3794	39
3795	39
3796	39
3797	39
3798	39
3799	39
3800	40
3801	40
3802	40
3803	40
3804	40
3805	40
3806	40
3807	40
3808	40
3809	40
3810	40
3811	40
3812	40
3813	40
3814	40
3815	40
3816	40
3817	40
3818	40
3819	40
3820	41
3821	41
3822	41
3823	41
3824	41
3825	41
3826	41
3827	41
3828	41
3829	41
3830	41
3831	41
3832	41
3833	41
3834	41
3835	41
3836	41
3837	41
3838	41
3839	41
3840	42
3841	42
3842	42
3843	42
3844	42
3845	42
3846	42
3847	42
3848	42
3849	42
3850	42
3851	42
3852	42
3853	42
3854	42
3855	42
3856	42
3857	42
3858	42
3859	42
3860	43
3861	43
3862	43
3863	43
3864	43
3865	43
3866	43
3867	43
3868	43
3869	43
3870	43
3871	43
3872	43
3873	43
3874	43
3875	43
3876	43
3877	43
3878	43
3879	43
3880	44
3881	44
3882	44
3883	44
3884	44
3885	44
3886	44
3887	44
3888	44
3889	44
3890	44
3891	44
3892	44
3893	44
3894	44
3895	44
3896	44
3897	44
3898	44
3899	44
3900	45
3901	45
3902	45
3903	45
3904	45
3905	45
3906	45
3907	45
3908	45
3909	45
3910	45
3911	45
3912	45
3913	45
3914	45
3915	45
3916	45
3917	45
3918	45
3919	45
3920	46
3921	46
3922	46
3923	46
3924	46
3925	46
3926	46
3927	46
3928	46
3929	46
3930	46
3931	46
3932	46
3933	46
3934	46
3935	46
3936	46
3937	46
3938	46
3939	46
3940	47
3941	47
3942	47
3943	47
3944	47
3945	47
3946	47
3947	47
3948	47
3949	47
3950	47
3951	47
3952	47
3953	47
3954	47
3955	47
3956	47
3957	47
3958	47
3959	47
3960	48
3961	48
3962	48
3963	48
3964	48
3965	48
3966	48
3967	48
3968	48
3969	48
3970	48
3971	48
3972	48
3973	48
3974	48
3975	48
3976	48
3977	48
3978	48
3979	48
3980	49
3981	49
3982	49
3983	49
3984	49
3985	49
3986	49
3987	49
3988	49
3989	49
3990	49
3991	49
3992	49
3993	49
3994	49
3995	49
3996	49
3997	49
3998	49
3999	49
4000	0
4001	0
4002	0
4003	0
4004	0
4005	0
4006	0
4007	0
4008	0
4009	0
4010	0
4011	0
4012	0
4013	0
4014	0
4015	0
4016	0
4017	0
4018	0
4019	0
4020	1
4021	1
4022	1
4023	1
4024	1
4025	1
4026	1
4027	1
4028	1
4029	1
4030	1
4031	1
4032	1
4033	1
4034	1
4035	1
4036	1
4037	1
4038	1
4039	1
4040	2
4041	2
4042	2
4043	2
4044	2
4045	2
4046	2
4047	2
4048	2
4049	2
4050	2
4051	2
4052	2
4053	2
4054	2
4055	2
4056	2
4057	2
4058	2
4059	2
4060	3
4061	3
4062	3
4063	3
4064	3
4065	3
4066	3
4067	3
4068	3
4069	3
4070	3
4071	3
4072	3
4073	3
4074	3
4075	3
4076	3
4077	3
4078	3
4079	3
4080	4
4081	4
4082	4
4083	4
4084	4
4085	4
4086	4
4087	4
4088	4
4089	4
4090	4
4091	4
4092	4
4093	4
4094	4
4095	4
4096	4
4097	4
4098	4
4099	4
4100	5
4101	5
4102	5
4103	5
4104	5
4105	5
4106	5
4107	5
4108	5
4109	5
4110	5
4111	5
4112	5
4113	5
4114	5
4115	5
4116	5
4117	5
4118	5
4119	5
4120	6
4121	6
4122	6
4123	6
4124	6
4125	6
4126	6
4127	6
4128	6
4129	6
4130	6
4131	6
4132	6
4133	6
4134	6
4135	6
4136	6
4137	6
4138	6
4139	6
4140	7
4141	7
4142	7
4143	7
4144	7
4145	7
4146	7
4147	7
4148	7
4149	7
4150	7
4151	7
4152	7
4153	7
4154	7
4155	7
4156	7
4157	7
4158	7
4159	7
4160	8
4161	8
4162	8
4163	8
4164	8
4165	8
4166	8
4167	8
4168	8
4169	8
4170	8
4171	8
4172	8
4173	8
4174	8
4175	8
4176	8
4177	8
4178	8
4179	8
4180	9
4181	9
4182	9
4183	9
4184	9
4185	9
4186	9
4187	9
4188	9
4189	9
4190	9
4191	9
4192	9
4193	9
4194	9
4195	9
4196	9
4197	9
4198	9
4199	9
4200	10
4201	10
4202	10
4203	10
4204	10
4205	10
4206	10
4207	10
4208	10
4209	10
4210	10
4211	10
4212	10
4213	10
4214	10
4215	10
4216	10
4217	10
4218	10
4219	10
4220	11
4221	11
4222	11
4223	11
4224	11
4225	11
4226	11
4227	11
4228	11
4229	11
4230	11
4231	11
4232	11
4233	11
4234	11
4235	11
4236	11
4237	11
4238	11
4239	11
4240	12
4241	12
4242	12
4243	12
4244	12
4245	12
4246	12
4247	12
4248	12
4249	12
4250	12
4251	12
4252	12
4253	12
4254	12
4255	12
4256	12
4257	12
4258	12
4259	12
4260	13
4261	13
4262	13
4263	13
4264	13
4265	13
4266	13
4267	13
4268	13
4269	13
4270	13
4271	13
4272	13
4273	13
4274	13
4275	13
4276	13
4277	13
4278	13
4279	13
4280	14
4281	14
4282	14
4283	14
4284	14
4285	14
4286	14
4287	14
4288	14
4289	14
4290	14
4291	14
4292	14
4293	14
4294	14
4295	14
4296	14
4297	14
4298	14
4299	14
4300	15
4301	15
4302	15
4303	15
4304	15
4305	15
4306	15
4307	15
4308	15
4309	15
4310	15
4311	15
4312	15
4313	15
4314	15
4315	15
4316	15
4317	15
4318	15
4319	15
4320	16
4321	16
4322	16
4323	16
4324	16
4325	16
4326	16
4327	16
4328	16
4329	16
4330	16
4331	16
4332	16
4333	16
4334	16
4335	16
4336	16
4337	16
4338	16
4339	16
4340	17
4341	17
4342	17
4343	17
4344	17
4345	17
4346	17
4347	17
4348	17
4349	17
4350	17
4351	17
4352	17
4353	17
4354	17
4355	17
4356	17
4357	17
4358	17
4359	17
4360	18
4361	18
4362	18
4363	18
4364	18
4365	18
4366	18
4367	18
4368	18
4369	18
4370	18
4371	18
4372	18
4373	18
4374	18
4375	18
4376	18
4377	18
4378	18
4379	18
4380	19
4381	19
4382	19
4383	19
4384	19
4385	19
4386	19
4387	19
4388	19
4389	19
4390	19
4391	19
4392	19
4393	19
4394	19
4395	19
4396	19
4397	19
4398	19
4399	19
4400	20
4401	20
4402	20
4403	20
4404	20
4405	20
4406	20
4407	20
4408	20
4409	20
4410	20
4411	20
4412	20
4413	20
4414	20
4415	20
4416	20
4417	20
4418	20
4419	20
4420	21
4421	21
4422	21
4423	21
4424	21
4425	21
4426	21
4427	21
4428	21
4429	21
4430	21
4431	21
4432	21
4433	21
4434	21
4435	21
4436	21
4437	21
4438	21
4439	21
4440	22
4441	22
4442	22
4443	22
4444	22
4445	22
4446	22
4447	22
4448	22
4449	22
4450	22
4451	22
4452	22
4453	22
4454	22
4455	22
4456	22
4457	22
4458	22
4459	22
4460	23
4461	23
4462	23
4463	23
4464	23
4465	23
4466	23
4467	23
4468	23
4469	23
4470	23
4471	23
4472	23
4473	23
4474	23
4475	23
4476	23
4477	23
4478	23
4479	23
4480	24
4481	24
4482	24
4483	24
4484	24
4485	24
4486	24
4487	24
4488	24
4489	24
4490	24
4491	24
4492	24
4493	24
4494	24
4495	24
4496	24
4497	24
4498	24
4499	24
4500	25
4501	25
4502	25
4503	25
4504	25
4505	25
4506	25
4507	25
4508	25
4509	25
4510	25
4511	25
4512	25
4513	25
4514	25
4515	25
4516	25
4517	25
4518	25
4519	25
4520	26
4521	26
4522	26
4523	26
4524	26
4525	26
4526	26
4527	26
4528	26
4529	26
4530	26
4531	26
4532	26
4533	26
4534	26
4535	26
4536	26
4537	26
4538	26
4539	26
4540	27
4541	27
4542	27
4543	27
4544	27
4545	27
4546	27
4547	27
4548	27
4549	27
4550	27
4551	27
4552	27
4553	27
4554	27
4555	27
4556	27
4557	27
4558	27
4559	27
4560	28
4561	28
4562	28
4563	28
4564	28
4565	28
4566	28
4567	28
4568	28
4569	28
4570	28
4571	28
4572	28
4573	28
4574	28
4575	28
4576	28
4577	28
4578	28
4579	28
4580	29
4581	29
4582	29
4583	29
4584	29
4585	29
4586	29
4587	29
4588	29
4589	29
4590	29
4591	29
4592	29
4593	29
4594	29
4595	29
4596	29
4597	29
4598	29
4599	29
4600	30
4601	30
4602	30
4603	30
4604	30
4605	30
4606	30
4607	30
4608	30
4609	30
4610	30
4611	30
4612	30
4613	30
4614	30
4615	30
4616	30
4617	30
4618	30
4619	30
4620	31
4621	31
4622	31
4623	31
4624	31
4625	31
4626	31
4627	31
4628	31
4629	31
4630	31
4631	31
4632	31
4633	31
4634	31
4635	31
4636	31
4637	31
4638	31
4639	31
4640	32
4641	32
4642	32
4643	32
4644	32
4645	32
4646	32
4647	32
4648	32
4649	32
4650	32
4651	32
4652	32
4653	32
4654	32
4655	32
4656	32
4657	32
4658	32
4659	32
4660	33
4661	33
4662	33
4663	33
4664	33
4665	33
4666	33
4667	33
4668	33
4669	33
4670	33
4671	33
4672	33
4673	33
4674	33
4675	33
4676	33
4677	33
4678	33
4679	33
4680	34
4681	34
4682	34
4683	34
4684	34
4685	34
4686	34
4687	34
4688	34
4689	34
4690	34
4691	34
4692	34
4693	34
4694	34
4695	34
4696	34
4697	34
4698	34
4699	34
4700	35
4701	35
4702	35
4703	35
4704	35
4705	35
4706	35
4707	35
4708	35
4709	35
4710	35
4711	35
4712	35
4713	35
4714	35
4715	35
4716	35
4717	35
4718	35
4719	35
4720	36
4721	36
4722	36
4723	36
4724	36
4725	36
4726	36
4727	36
4728	36
4729	36
4730	36
4731	36
4732	36
4733	36
4734	36
4735	36
4736	36
4737	36
4738	36
4739	36
4740	37
4741	37
4742	37
4743	37
4744	37
4745	37
4746	37
4747	37
4748	37
4749	37
4750	37
4751	37
4752	37
4753	37
4754	37
4755	37
4756	37
4757	37
4758	37
4759	37
4760	38
4761	38
4762	38
4763	38
4764	38
4765	38
4766	38
4767	38
4768	38
4769	38
4770	38
4771	38
4772	38
4773	38
4774	38
4775	38
4776	38
4777	38
4778	38
4779	38
4780	39
4781	39
4782	39
4783	39
4784	39
4785	39
4786	39
4787	39
4788	39
4789	39
4790	39
4791	39
4792	39
4793	39
4794	39
4795	39
4796	39
4797	39
4798	39
4799	39
4800	40
4801	40
4802	40
4803	40
4804	40
4805	40
4806	40
4807	40
4808	40
4809	40
4810	40
4811	40
4812	40
4813	40
4814	40
4815	40
4816	40
4817	40
4818	40
4819	40
4820	41
4821	41
4822	41
4823	41
4824	41
4825	41
4826	41
4827	41
4828	41
4829	41
4830	41
4831	41
4832	41
4833	41
4834	41
4835	41
4836	41
4837	41
4838	41
4839	41
4840	42
4841	42
4842	42
4843	42
4844	42
4845	42
4846	42
4847	42
4848	42
4849	42
4850	42
4851	42
4852	42
4853	42
4854	42
4855	42
4856	42
4857	42
4858	42
4859	42
4860	43
4861	43
4862	43
4863	43
4864	43
4865	43
4866	43
4867	43
4868	43
4869	43
4870	43
4871	43
4872	43
4873	43
4874	43
4875	43
4876	43
4877	43
4878	43
4879	43
4880	44
4881	44
4882	44
4883	44
4884	44
4885	44
4886	44
4887	44
4888	44
4889	44
4890	44
4891	44
4892	44
4893	44
4894	44
4895	44
4896	44
4897	44
4898	44
4899	44
4900	45
4901	45
4902	45
4903	45
4904	45
4905	45
4906	45
4907	45
4908	45
4909	45
4910	45
4911	45
4912	45
4913	45
4914	45
4915	45
4916	45
4917	45
4918	45
4919	45
4920	46
4921	46
4922	46
4923	46
4924	46
4925	46
4926	46
4927	46
4928	46
4929	46
4930	46
4931	46
4932	46
4933	46
4934	46
4935	46
4936	46
4937	46
4938	46
4939	46
4940	47
4941	47
4942	47
4943	47
4944	47
4945	47
4946	47
4947	47
4948	47
4949	47
4950	47
4951	47
4952	47
4953	47
4954	47
4955	47
4956	47
4957	47
4958	47
4959	47
4960	48
4961	48
4962	48
4963	48
4964	48
4965	48
4966	48
4967	48
4968	48
4969	48
4970	48
4971	48
4972	48
4973	48
4974	48
4975	48
4976	48
4977	48
4978	48
4979	48
4980	49
4981	49
4982	49
4983	49
4984	49
4985	49
4986	49
4987	49
4988	49
4989	49
4990	49
4991	49
4992	49
4993	49
4994	49
4995	49
4996	49
4997	49
4998	49
4999	49
5000	0
5001	0
5002	0
5003	0
5004	0
5005	0
5006	0
5007	0
5008	0
5009	0
5010	0
5011	0
5012	0
5013	0
5014	0
5015	0
5016	0
5017	0
5018	0
5019	0
5020	1
5021	1
5022	1
5023	1
5024	1
5025	1
5026	1
5027	1
5028	1
5029	1
5030	1
5031	1
5032	1
5033	1
5034	1
5035	1
5036	1
5037	1
5038	1
5039	1
5040	2
5041	2
5042	2
5043	2
5044	2
5045	2
5046	2
5047	2
5048	2
5049	2
5050	2
5051	2
5052	2
5053	2
5054	2
5055	2
5056	2
5057	2
5058	2
5059	2
5060	3
5061	3
5062	3
5063	3
5064	3
5065	3
5066	3
5067	3
5068	3
5069	3
5070	3
5071	3
5072	3
5073	3
5074	3
5075	3
5076	3
5077	3
5078	3
5079	3
5080	4
5081	4
5082	4
5083	4
5084	4
5085	4
5086	4
5087	4
5088	4
5089	4
5090	4
5091	4
5092	4
5093	4
5094	4
5095	4
5096	4
5097	4
5098	4
5099	4
5100	5
5101	5
5102	5
5103	5
5104	5
5105	5
5106	5
5107	5
5108	5
5109	5
5110	5
5111	5
5112	5
5113	5
5114	5
5115	5
5116	5
5117	5
5118	5
5119	5
5120	6
5121	6
5122	6
5123	6
5124	6
5125	6
5126	6
5127	6
5128	6
5129	6
5130	6
5131	6
5132	6
5133	6
5134	6
5135	6
5136	6
5137	6
5138	6
5139	6
5140	7
5141	7
5142	7
5143	7
5144	7
5145	7
5146	7
5147	7
5148	7
5149	7
5150	7
5151	7
5152	7
5153	7
5154	7
5155	7
5156	7
5157	7
5158	7
5159	7
5160	8
5161	8
5162	8
5163	8
5164	8
5165	8
5166	8
5167	8
5168	8
5169	8
5170	8
5171	8
5172	8
5173	8
5174	8
5175	8
5176	8
5177	8
5178	8
5179	8
5180	9
5181	9
5182	9
5183	9
5184	9
5185	9
5186	9
5187	9
5188	9
5189	9
5190	9
5191	9
5192	9
5193	9
5194	9
5195	9
5196	9
5197	9
5198	9
5199	9
5200	10
5201	10
5202	10
5203	10
5204	10
5205	10
5206	10
5207	10
5208	10
5209	10
5210	10
5211	10
5212	10
5213	10
5214	10
5215	10
5216	10
5217	10
5218	10
5219	10
5220	11
5221	11
5222	11
5223	11
5224	11
5225	11
5226	11
5227	11
5228	11
5229	11
5230	11
5231	11
5232	11
5233	11
5234	11
5235	11
5236	11
5237	11
5238	11
5239	11
5240	12
5241	12
5242	12
5243	12
5244	12
5245	12
5246	12
5247	12
5248	12
5249	12
5250	12
5251	12
5252	12
5253	12
5254	12
5255	12
5256	12
5257	12
5258	12
5259	12
5260	13
5261	13
5262	13
5263	13
5264	13
5265	13
5266	13
5267	13
5268	13
5269	13
5270	13
5271	13
5272	13
5273	13
5274	13
5275	13
5276	13
5277	13
5278	13
5279	13
5280	14
5281	14
5282	14
5283	14
5284	14
5285	14
5286	14
5287	14
5288	14
5289	14
5290	14
5291	14
5292	14
5293	14
5294	14
5295	14
5296	14
5297	14
5298	14
5299	14
5300	15
5301	15
5302	15
5303	15
5304	15
5305	15
5306	15
5307	15
5308	15
5309	15
5310	15
5311	15
5312	15
5313	15
5314	15
5315	15
5316	15
5317	15
5318	15
5319	15
5320	16
5321	16
5322	16
5323	16
5324	16
5325	16
5326	16
5327	16
5328	16
5329	16
5330	16
5331	16
5332	16
5333	16
5334	16
5335	16
5336	16
5337	16
5338	16
5339	16
5340	17
5341	17
5342	17
5343	17
5344	17
5345	17
5346	17
5347	17
5348	17
5349	17
5350	17
5351	17
5352	17
5353	17
5354	17
5355	17
5356	17
5357	17
5358	17
5359	17
5360	18
5361	18
5362	18
5363	18
5364	18
5365	18
5366	18
5367	18
5368	18
5369	18
5370	18
5371	18
5372	18
5373	18
5374	18
5375	18
5376	18
5377	18
5378	18
5379	18
5380	19
5381	19
5382	19
5383	19
5384	19
5385	19
5386	19
5387	19
5388	19
5389	19
5390	19
5391	19
5392	19
5393	19
5394	19
5395	19
5396	19
5397	19
5398	19
5399	19
5400	20
5401	20
5402	20
5403	20
5404	20
5405	20
5406	20
5407	20
5408	20
5409	20
5410	20
5411	20
5412	20
5413	20
5414	20
5415	20
5416	20
5417	20
5418	20
5419	20
5420	21
5421	21
5422	21
5423	21
5424	21
5425	21
5426	21
5427	21
5428	21
5429	21
5430	21
5431	21
5432	21
5433	21
5434	21
5435	21
5436	21
5437	21
5438	21
5439	21
5440	22
5441	22
5442	22
5443	22
5444	22
5445	22
5446	22
5447	22
5448	22
5449	22
5450	22
5451	22
5452	22
5453	22
5454	22
5455	22
5456	22
5457	22
5458	22
5459	22
5460	23
5461	23
5462	23
5463	23
5464	23
5465	23
5466	23
5467	23
5468	23
5469	23
5470	23
5471	23
5472	23
5473	23
5474	23
5475	23
5476	23
5477	23
5478	23
5479	23
5480	24
5481	24
5482	24
5483	24
5484	24
5485	24
5486	24
5487	24
5488	24
5489	24
5490	24
5491	24
5492	24
5493	24
5494	24
5495	24
5496	24
5497	24
5498	24
5499	24
5500	25
5501	25
5502	25
5503	25
5504	25
5505	25
5506	25
5507	25
5508	25
5509	25
5510	25
5511	25
5512	25
5513	25
5514	25
5515	25
5516	25
5517	25
5518	25
5519	25
5520	26
5521	26
5522	26
5523	26
5524	26
5525	26
5526	26
5527	26
5528	26
5529	26
5530	26
5531	26
5532	26
5533	26
5534	26
5535	26
5536	26
5537	26
5538	26
5539	26
5540	27
5541	27
5542	27
5543	27
5544	27
5545	27
5546	27
5547	27
5548	27
5549	27
5550	27
5551	27
5552	27
5553	27
5554	27
5555	27
5556	27
5557	27
5558	27
5559	27
5560	28
5561	28
5562	28
5563	28
5564	28
5565	28
5566	28
5567	28
5568	28
5569	28
5570	28
5571	28
5572	28
5573	28
5574	28
5575	28
5576	28
5577	28
5578	28
5579	28
5580	29
5581	29
5582	29
5583	29
5584	29
5585	29
5586	29
5587	29
5588	29
5589	29
5590	29
5591	29
5592	29
5593	29
5594	29
5595	29
5596	29
5597	29
5598	29
5599	29
5600	30
5601	30
5602	30
5603	30
5604	30
5605	30
5606	30
5607	30
5608	30
5609	30
5610	30
5611	30
5612	30
5613	30
5614	30
5615	30
5616	30
5617	30
5618	30
5619	30
5620	31
5621	31
5622	31
5623	31
5624	31
5625	31
5626	31
5627	31
5628	31
5629	31
5630	31
5631	31
5632	31
5633	31
5634	31
5635	31
5636	31
5637	31
5638	31
5639	31
5640	32
5641	32
5642	32
5643	32
5644	32
5645	32
5646	32
5647	32
5648	32
5649	32
5650	32
5651	32
5652	32
5653	32
5654	32
5655	32
5656	32
5657	32
5658	32
5659	32
5660	33
5661	33
5662	33
5663	33
5664	33
5665	33
5666	33
5667	33
5668	33
5669	33
5670	33
5671	33
5672	33
5673	33
5674	33
5675	33
5676	33
5677	33
5678	33
5679	33
5680	34
5681	34
5682	34
5683	34
5684	34
5685	34
5686	34
5687	34
5688	34
5689	34
5690	34
5691	34
5692	34
5693	34
5694	34
5695	34
5696	34
5697	34
5698	34
5699	34
5700	35
5701	35
5702	35
5703	35
5704	35
5705	35
5706	35
5707	35
5708	35
5709	35
5710	35
5711	35
5712	35
5713	35
5714	35
5715	35
5716	35
5717	35
5718	35
5719	35
5720	36
5721	36
5722	36
5723	36
5724	36
5725	36
5726	36
5727	36
5728	36
5729	36
5730	36
5731	36
5732	36
5733	36
5734	36
5735	36
5736	36
5737	36
5738	36
5739	36
5740	37
5741	37
5742	37
5743	37
5744	37
5745	37
5746	37
5747	37
5748	37
5749	37
5750	37
5751	37
5752	37
5753	37
5754	37
5755	37
5756	37
5757	37
5758	37
5759	37
5760	38
5761	38
5762	38
5763	38
5764	38
5765	38
5766	38
5767	38
5768	38
5769	38
5770	38
5771	38
5772	38
5773	38
5774	38
5775	38
5776	38
5777	38
5778	38
5779	38
5780	39
5781	39
5782	39
5783	39
5784	39
5785	39
5786	39
5787	39
5788	39
5789	39
5790	39
5791	39
5792	39
5793	39
5794	39
5795	39
5796	39
5797	39
5798	39
5799	39
5800	40
5801	40
5802	40
5803	40
5804	40
5805	40
5806	40
5807	40
5808	40
5809	40
5810	40
5811	40
5812	40
5813	40
5814	40
5815	40
5816	40
5817	40
5818	40
5819	40
5820	41
5821	41
5822	41
5823	41
5824	41
5825	41
5826	41
5827	41
5828	41
5829	41
5830	41
5831	41
5832	41
5833	41
5834	41
5835	41
5836	41
5837	41
5838	41
5839	41
5840	42
5841	42
5842	42
5843	42
5844	42
5845	42
5846	42
5847	42
5848	42
5849	42
5850	42
5851	42
5852	42
5853	42
5854	42
5855	42
5856	42
5857	42
5858	42
5859	42
5860	43
5861	43
5862	43
5863	43
5864	43
5865	43
5866	43
5867	43
5868	43
5869	43
5870	43
5871	43
5872	43
5873	43
5874	43
5875	43
5876	43
5877	43
5878	43
5879	43
5880	44
5881	44
5882	44
5883	44
5884	44
5885	44
5886	44
5887	44
5888	44
5889	44
5890	44
5891	44
5892	44
5893	44
5894	44
5895	44
5896	44
5897	44
5898	44
5899	44
5900	45
5901	45
5902	45
5903	45
5904	45
5905	45
5906	45
5907	45
5908	45
5909	45
5910	45
5911	45
5912	45
5913	45
5914	45
5915	45
5916	45
5917	45
5918	45
5919	45
5920	46
5921	46
5922	46
5923	46
5924	46
5925	46
5926	46
5927	46
5928	46
5929	46
5930	46
5931	46
5932	46
5933	46
5934	46
5935	46
5936	46
5937	46
5938	46
5939	46
5940	47
5941	47
5942	47
5943	47
5944	47
5945	47
5946	47
5947	47
5948	47
5949	47
5950	47
5951	47
5952	47
5953	47
5954	47
5955	47
5956	47
5957	47
5958	47
5959	47
5960	48
5961	48
5962	48
5963	48
5964	48
5965	48
5966	48
5967	48
5968	48
5969	48
5970	48
5971	48
5972	48
5973	48
5974	48
5975	48
5976	48
5977	48
5978	48
5979	48
5980	49
5981	49
5982	49
5983	49
5984	49
5985	49
5986	49
5987	49
5988	49
5989	49
5990	49
5991	49
5992	49
5993	49
5994	49
5995	49
5996	49
5997	49
5998	49
5999	49
